# Created by Octave 7.1.0, Fri Apr 15 15:00:11 2022 GMT <unknown@DESKTOP-SCREHEF>
# name: v
# type: matrix
# rows: 1
# columns: 10
 1234 1234 1234 1234 1234 1234 1234 1234 1234 1234


